# name: debug
# type: sparse matrix
# nnz: 36
# rows: 6
# columns: 6

1 1 0.0154329629
2 1 0
3 1 -0.0775743731
4 1 -0.0154329629
5 1 0
6 1 0
1 2 0
2 2 0.0196869423
3 2 0.0446820082
4 2 0
5 2 -0.0196869423
6 2 0
1 3 -0.0775743731
2 3 0.0446820082
3 3 30.0298187
4 3 0.0775743731
5 3 -0.0446820082
6 3 -29.5384767
1 4 -0.0154329629
2 4 0
3 4 0.0775743731
4 4 0.0154329629
5 4 0
6 4 0
1 5 0
2 5 -0.0196869423
3 5 -0.0446820082
4 5 0
5 5 0.0196869423
6 5 0
1 6 0
2 6 0
3 6 -29.5384767
4 6 0
5 6 0
6 6 29.5384767
